42 7 Indigo: 10 10 |1|2|3|4|5|6|7|8|9|10|11|12|13|14|15|16|17|18|19|20|
43 5 Indigo: 6 9 |1|2|3|4|7|10|11|12|14|15|16|17|18|19|20|
44 9 Indigo: 10 10 |1|2|3|4|5|6|7|8|9|10|11|12|13|14|15|16|17|18|19|20|
45 10 Emirates: 10 10 |1|2|3|4|5|6|7|8|9|10|11|12|13|14|15|16|17|18|19|20|
46 6 Emirates: 10 10 |1|2|3|4|5|6|7|8|9|10|11|12|13|14|15|16|17|18|19|20|
47 8 Emirates: 11 9 |1|2|3|4|5|6|7|8|9|9|10|11|12|13|14|15|16|17|19|20|
48 1 Emirates: 10 10 |1|2|3|4|5|6|7|8|9|10|11|12|13|14|15|16|17|18|19|20|
49 2 Air Blue: 7 10 |1|3|6|7|8|9|10|11|12|13|14|15|16|17|18|19|20|
50 3 Air Blue: 10 10 |1|2|3|4|5|6|7|8|9|10|11|12|13|14|15|16|17|18|19|20|
51 4 Air Blue: 9 10 |1|2|3|4|5|6|7|8|9|11|12|13|14|15|16|17|18|19|20|
